45612 45131 12358 12354 54215 78954 12354 44589 45689 12123
54215 78954 12354 45689 12123 45421 48731 45642 54215 54215
45612 45131 12358 12354 54215 78954 12354 44589 45689 12123
54215 78954 12354 45689 12123 45421 48731 45642 54215 54215
45612 45131 12358 12354 54215 78954 12354 44589 45689 12123
54215 78954 12354 45689 12123 45421 48731 45642 54215 54215
45612 45131 12358 12354 45612 45131 12358 12354 45612 45131
12358 12354 22358 12354 54215 78954 12354 44589 45689 12123
45612 45131 12358 12354 54215 78954 12354 44589 45689 12123
54215 78954 12354 45689 12123 45421 48731 45642 54215 54215
45612 45131 12358 12354 54215 78954 12354 44589 45689 12123
54215 78954 12354 45689 12123 45421 48731 45642 54215 54215
45612 45131 12358 12354 54215 78954 12354 44589 45689 12123
54215 78954 12354 45689 12123 45421 48731 45642 54215 54215
45612 45131 12358 12354 45612 45131 12358 12354 45612 45131
12358 12354 12358 12354 54215 78954 12354 44589 45689 12123
45612 45131 12358 12354 54215 78954 12354 44589 45689 12123
54215 78954 12354 45689 12123 45421 48731 45642 54215 54215
45612 45131 12358 12354 54215 78954 12354 44589 45689 12123
54215 78954 12354 45689 12123 45421 48731 45642 54215 54215
45612 45131 12358 12354 54215 78954 12354 44589 45689 12123
54215 78954 12354 45689 12123 45421 48731 45642 54215 54215
45612 45131 12358 12354 45612 45131 12358 12354 45612 45131
